-1250
6761
-9571
441
8302
-6880
8927
-105
-2844
-1764
6290
5459
-5231
3623
5430
-5229
-5928
4692
-5761
5637
4861
-8539
-1378
1522
-264
-1125
-9869
-6664
-3236
-9925
2771
9387
-8180
-4685
6997
-3663
4586
-4493
-9665
1382
502
-4910
-1784
3820
8597
5126
-5068
1011
892
-4276
8631
8709
3135
846
8430
9013
-6792
-8471
-8714
-3609
-2145
-309
-8107
-5940
-7328
9866
568
-2850
-6773
8792
-3803
-3083
5253
4688
-7693
8166
-5211
9204
5227
-4420
-7513
3133
422
-5942
9239
3957
5993
-7857
-8597
9475
-5786
7295
4180
-6940
-4664
-8784
4809
-3446
-597
-1427
-1048
-9072
-4
-8695
993
-935
5255
-2127
-1532
-5785
9992
-7602
-7037
9505
4526
5226
6790
-2421
3131
1844
3361
-8257
9089
-5793
-6115
-2493
-9909
-9520
5301
-8202
3885
-2864
-4383
-7172
-6202
595
-1206
-8033
-865
9202
-5022
7971
2797
-6848
-31
3643
-5364
-2469
8845
8034
8916
1553
-7822
-9839
6772
6371
2524
1344
-3540
2190
6508
608
851
-5930
4214
-7168
-428
-3251
2543
7904
8691
8721
-6650
-6224
-5810
-258
-9022
-3615
7770
-1986
-8293
-156
3310
2548
6352
2931
3373
1921
8334
-1773
-2500
-8869
1731
-6333
9567
8757
-7137
1283
9116
-947
7950
4437
-6678
-8957
-2262
-6617
-5377
8787
1479
-571
-5098
-5101
-6184
-8629
-6569
5297
-1186
-5036
-7433
-2902
5817
9609
1288
-727
4061
-3459
-1380
-7038
287
-2595
5537
7767
407
6510
-5039
-7538
-4013
-7020
-3515
6158
9182
-9350
3824
-9510
5119
-9493
9786
-1819
4884
6886
-2957
898
-3798
9263
-4127
-9709
8375
-7935
3929
-6477
-665
-802
6074
-1763
4484
9696
-1997
2089
-3285
7758
281
5577
-8417
1670
-5251
1133
9914
-8742
8822
3781
4848
-8660
-8647
-7891
-2043
-8176
5169
-196
2970
6104
-7618
-1409
9060
9966
-2828
-3965
3179
4714
4451
-3940
5176
2119
4182
-6087
-3010
-1958
-9111
2890
3225
-8631
-9329
-5650
-3204
3163
-5549
-228
-1002
385
-4712
-2921
2498
-6289
-2365
-6725
-3659
-5067
7329
-4903
-6091
6339
49
1455
5283
7175
-6356
8844
3388
7980
555
-1617
1956
2423
-7690
772
-127
249
8318
-137
3927
3799
7481
3614
-2810
-9071
-8673
8640
3459
1041
4207
1282
-1127
-3438
7421
-9976
-4029
-9175
5369
-3716
-2117
-4372
5329
7042
-8105
491
-585
8448
-4072
9779
-5192
-6863
7806
6879
8016
-7884
8153
-8548
1815
4337
-608
7182
-6626
2706
-3647
-9482
-1940
1458
3313
-9444
3502
-5681
3588
3260
-2293
5689
8972
4036
5583
-730
7469
-6346
6064
-4511
-8339
-2414
5709
2993
3578
-6848
-2974
-3727
-6022
3399
8699
3175
-7219
-736
-8528
-7941
1477
1254
-1707
4576
4092
3743
-6045
9903
-1239
-769
6351
438
8919
-9958
-4577
-3026
-3912
1360
5146
-6789
2405
-7476
-5448
9255
7266
9667
9607
-2882
8658
-5185
7532
1345
9270
5809
-8923
-993
611
2873
-3668
-1356
-6004
-1823
-2875
-52
-1445
3922
-1938
-2422
5529
-7751
-5869
-1387
-3159
6617
-8457
8353
3531
3843
4983
1878
5779
4905
3989
6913
-9113
-5335
-3108
-3943
-7321
1712
6808
3482
-3194
-6350
5957
7639
6187
5735
2467
-9329
3897
-1990
-1758
2944
-9928
8373
-2212
225
3677
440
7301
-7882
-802
5759
-6911
5709
-4484
5755
-8278
7838
66
-8099
-8726
-8594
-4809
6916
5912
1328
-4265
3168
-2477
-8589
2662
-9375
-5693
978
-8439
2041
-9425
-2672
-3622
2993
8569
-6272
9986
-1267
-4349
2985
5503
-7637
6289
-682
-7281
358
-8560
6390
524
-2977
6878
8749
-4055
-2293
3051
-3224
-2030
9869
-3446
3517
3436
7500
5367
2109
-9653
5097
-4600
-2130
-4900
4050
-1695
-9483
-9422
-8097
-5452
-6562
-1099
5205
-6539
2170
7682
-5323
-7443
-8300
5688
-6339
-2820
-2517
-4909
9315
6256
9373
1499
1411
-5002
-9533
-8720
-4926
9394
4800
1492
925
1198
-3939
6437
-5022
7291
9392
3887
-5607
1191
-1809
-7064
9831
-3872
-5335
2628
-5323
-4596
-6457
-4240
-1357
-5549
3757
4711
7646
-9920
6778
2152
9632
-1748
-5025
319
-870
-2746
4997
7535
8707
3924
8934
-8845
-6359
-3533
-5145
-5925
-437
-3253
9088
3953
1419
1768
-2139
-1689
4596
-5582
4872
-8426
-3296
5583
-563
-2580
225
-7731
-4865
-8342
445
-204
1361
-3101
-6027
-847
8346
-1236
-7608
-9795
8678
-1906
4549
-7329
-9955
-6523
-9258
6193
3507
6371
-1988
8374
-4515
-5807
-5192
5805
3133
1473
-7280
8723
5635
1809
-7632
-3749
-6450
4663
-2457
-9954
6542
7666
689
3024
-9323
-8186
7177
-8638
8032
-7955
3192
-9224
-5379
820
-2343
2866
-886
2483
-6082
-8032
6013
5751
-8091
-7071
-9084
7617
3904
7073
9161
1922
-982
-2336
-5354
4584
6700
-2271
5082
-8662
-857
-3467
-7435
3956
-6060
4932
-3517
7271
-821
-7710
-4771
-3851
-9128
6965
9546
208
241
2271
-4302
1254
8804
8084
-9842
1530
1018
-5949
3229
-7897
-4903
5855
-578
-9838
-4900
-7565
-8844
9873
2190
-5212
3704
167
-7642
-845
4716
-4738
3176
-9417
1576
-4243
6362
6032
4375
-8770
-7911
5298
-3072
7161
-4595
-643
221
-5115
-9624
4673
9465
8970
-4467
8771
-2174
-5147
9084
-1041
523
-7658
4517
-1955
-902
1069
-31
7698
-502
1379
247
-4507
-1082
-255
-3993
3026
-6667
-1039
8657
6114
7651
-8936
133
9937
2231
9202
-2588
-7368
-7923
-729
9445
6444
-1438
-3342
7213
-1709
-7180
261
5041
-3350
9296
7266
6565
-7254
1658
9447
-2810
5723
4096
-3073
144
-785
-722
187
6848
230
-410
-3032
7608
-5832
-3800
9584
7562
-2755
-1636
-4118
6415
7439
-9479
-5229
-3641
7199
8600
4528
-5694
6561
-9319
7549
8885
3623
7300
8664
9839
2303
-3083
1312
9729
3597
-2337
7388
-3853
8095
987
-340
-2148
-5529
-1732
-6416
3147
-9238
-202
7007
6274
2040
-5702
8317
5153
9627
9556
9175
2914
4068
-1766
-862
-7227
-8896
-2350
-6617
-2327
-1353
-8234
3055
5508
7351
-5558
1423
1561
592
-5070
4577
3656
3942
736
433
5307
3948
8076
6811
-6474
-347
-9300
3205
963
-2668
9578
344
-1609
774
-3460
187
-8177
5915
-7455
8979
-2468
-4280
3366
6122
-7018
-524
6421
7847
-7996
5347
-4122
-3030
-9139
-2826
382
3202
7037
8840
-6941
