-9976
-9958
-9955
-9954
-9928
-9925
-9920
-9909
-9869
-9842
-9839
-9838
-9795
-9709
-9665
-9653
-9624
-9571
-9533
-9520
-9510
-9493
-9483
-9482
-9479
-9444
-9425
-9422
-9417
-9375
-9350
-9329
-9329
-9323
-9319
-9300
-9258
-9238
-9224
-9175
-9139
-9128
-9113
-9111
-9084
-9072
-9071
-9022
-8957
-8936
-8923
-8896
-8869
-8845
-8844
-8784
-8770
-8742
-8726
-8720
-8714
-8695
-8673
-8662
-8660
-8647
-8638
-8631
-8629
-8597
-8594
-8589
-8560
-8548
-8539
-8528
-8471
-8457
-8439
-8426
-8417
-8342
-8339
-8300
-8293
-8278
-8257
-8234
-8202
-8186
-8180
-8177
-8176
-8107
-8105
-8099
-8097
-8091
-8033
-8032
-7996
-7955
-7941
-7935
-7923
-7911
-7897
-7891
-7884
-7882
-7857
-7822
-7751
-7731
-7710
-7693
-7690
-7658
-7642
-7637
-7632
-7618
-7608
-7602
-7565
-7538
-7513
-7476
-7455
-7443
-7435
-7433
-7368
-7329
-7328
-7321
-7281
-7280
-7254
-7227
-7219
-7180
-7172
-7168
-7137
-7071
-7064
-7038
-7037
-7020
-7018
-6941
-6940
-6911
-6880
-6863
-6848
-6848
-6792
-6789
-6773
-6725
-6678
-6667
-6664
-6650
-6626
-6617
-6617
-6569
-6562
-6539
-6523
-6477
-6474
-6457
-6450
-6416
-6359
-6356
-6350
-6346
-6339
-6333
-6289
-6272
-6224
-6202
-6184
-6115
-6091
-6087
-6082
-6060
-6045
-6027
-6022
-6004
-5949
-5942
-5940
-5930
-5928
-5925
-5869
-5832
-5810
-5807
-5793
-5786
-5785
-5761
-5702
-5694
-5693
-5681
-5650
-5607
-5582
-5558
-5549
-5549
-5529
-5452
-5448
-5379
-5377
-5364
-5354
-5335
-5335
-5323
-5323
-5251
-5231
-5229
-5229
-5212
-5211
-5192
-5192
-5185
-5147
-5145
-5115
-5101
-5098
-5070
-5068
-5067
-5039
-5036
-5025
-5022
-5022
-5002
-4926
-4910
-4909
-4903
-4903
-4900
-4900
-4865
-4809
-4771
-4738
-4712
-4685
-4664
-4600
-4596
-4595
-4577
-4515
-4511
-4507
-4493
-4484
-4467
-4420
-4383
-4372
-4349
-4302
-4280
-4276
-4265
-4243
-4240
-4127
-4122
-4118
-4072
-4055
-4029
-4013
-3993
-3965
-3943
-3940
-3939
-3912
-3872
-3853
-3851
-3803
-3800
-3798
-3749
-3727
-3716
-3668
-3663
-3659
-3647
-3641
-3622
-3615
-3609
-3540
-3533
-3517
-3515
-3467
-3460
-3459
-3446
-3446
-3438
-3350
-3342
-3296
-3285
-3253
-3251
-3236
-3224
-3204
-3194
-3159
-3108
-3101
-3083
-3083
-3073
-3072
-3032
-3030
-3026
-3010
-2977
-2974
-2957
-2921
-2902
-2882
-2875
-2864
-2850
-2844
-2828
-2826
-2820
-2810
-2810
-2755
-2746
-2672
-2668
-2595
-2588
-2580
-2517
-2500
-2493
-2477
-2469
-2468
-2457
-2422
-2421
-2414
-2365
-2350
-2343
-2337
-2336
-2327
-2293
-2293
-2271
-2262
-2212
-2174
-2148
-2145
-2139
-2130
-2127
-2117
-2043
-2030
-1997
-1990
-1988
-1986
-1958
-1955
-1940
-1938
-1906
-1823
-1819
-1809
-1784
-1773
-1766
-1764
-1763
-1758
-1748
-1732
-1709
-1707
-1695
-1689
-1636
-1617
-1609
-1532
-1445
-1438
-1427
-1409
-1387
-1380
-1378
-1357
-1356
-1353
-1267
-1250
-1239
-1236
-1206
-1186
-1127
-1125
-1099
-1082
-1048
-1041
-1039
-1002
-993
-982
-947
-935
-902
-886
-870
-865
-862
-857
-847
-845
-821
-802
-802
-785
-769
-736
-730
-729
-727
-722
-682
-665
-643
-608
-597
-585
-578
-571
-563
-524
-502
-437
-428
-410
-347
-340
-309
-264
-258
-255
-228
-204
-202
-196
-156
-137
-127
-105
-52
-31
-31
-4
49
66
133
144
167
187
187
208
221
225
225
230
241
247
249
261
281
287
319
344
358
382
385
407
422
433
438
440
441
445
491
502
523
524
555
568
592
595
608
611
689
736
772
774
820
846
851
892
898
925
963
978
987
993
1011
1018
1041
1069
1133
1191
1198
1254
1254
1282
1283
1288
1312
1328
1344
1345
1360
1361
1379
1382
1411
1419
1423
1455
1458
1473
1477
1479
1492
1499
1522
1530
1553
1561
1576
1658
1670
1712
1731
1768
1809
1815
1844
1878
1921
1922
1956
2040
2041
2089
2109
2119
2152
2170
2190
2190
2231
2271
2303
2405
2423
2467
2483
2498
2524
2543
2548
2628
2662
2706
2771
2797
2866
2873
2890
2914
2931
2944
2970
2985
2993
2993
3024
3026
3051
3055
3131
3133
3133
3135
3147
3163
3168
3175
3176
3179
3192
3202
3205
3225
3229
3260
3310
3313
3361
3366
3373
3388
3399
3436
3459
3482
3502
3507
3517
3531
3578
3588
3597
3614
3623
3623
3643
3656
3677
3704
3743
3757
3781
3799
3820
3824
3843
3885
3887
3897
3904
3922
3924
3927
3929
3942
3948
3953
3956
3957
3989
4036
4050
4061
4068
4092
4096
4180
4182
4207
4214
4337
4375
4437
4451
4484
4517
4526
4528
4549
4576
4577
4584
4586
4596
4663
4673
4688
4692
4711
4714
4716
4800
4809
4848
4861
4872
4884
4905
4932
4983
4997
5041
5082
5097
5119
5126
5146
5153
5169
5176
5205
5226
5227
5253
5255
5283
5297
5298
5301
5307
5329
5347
5367
5369
5430
5459
5503
5508
5529
5537
5577
5583
5583
5635
5637
5688
5689
5709
5709
5723
5735
5751
5755
5759
5779
5805
5809
5817
5855
5912
5915
5957
5993
6013
6032
6064
6074
6104
6114
6122
6158
6187
6193
6256
6274
6289
6290
6339
6351
6352
6362
6371
6371
6390
6415
6421
6437
6444
6508
6510
6542
6561
6565
6617
6700
6761
6772
6778
6790
6808
6811
6848
6878
6879
6886
6913
6916
6965
6997
7007
7037
7042
7073
7161
7175
7177
7182
7199
7213
7266
7266
7271
7291
7295
7300
7301
7329
7351
7388
7421
7439
7469
7481
7500
7532
7535
7549
7562
7608
7617
7639
7646
7651
7666
7682
7698
7758
7767
7770
7806
7838
7847
7904
7950
7971
7980
8016
8032
8034
8076
8084
8095
8153
8166
8302
8317
8318
8334
8346
8353
8373
8374
8375
8430
8448
8569
8597
8600
8631
8640
8657
8658
8664
8678
8691
8699
8707
8709
8721
8723
8749
8757
8771
8787
8792
8804
8822
8840
8844
8845
8885
8916
8919
8927
8934
8970
8972
8979
9013
9060
9084
9088
9089
9116
9161
9175
9182
9202
9202
9204
9239
9255
9263
9270
9296
9315
9373
9387
9392
9394
9445
9447
9465
9475
9505
9546
9556
9567
9578
9584
9607
9609
9627
9632
9667
9696
9729
9779
9786
9831
9839
9866
9869
9873
9903
9914
9937
9966
9986
9992
